delta=0.00000001 delta=0.00000031
max_delta=0.00002221
